{
    "camera_matrix": {
        "type_id": "opencv-matrix",
        "rows": 3,
        "cols": 3,
        "dt": "d",
        "data": [ 8.5926566817619118e+02, 0.0, 6.6766894323755264e+02,
            0.0, 8.5301441745881198e+02, 3.2231156792070374e+02, 0.0,
            0.0, 1.0 ]
    },
    "dist_coeff": {
        "type_id": "opencv-matrix",
        "rows": 1,
        "cols": 5,
        "dt": "d",
        "data": [ -2.8987315047923307e-01, 5.0081870315431543e+00,
            -1.5195654260777200e-02, 1.8594308433636797e-02,
            -1.8842013428011846e+01 ]
    }
}
